00100413
00200413
00400413
00800413
01000413
02000413
04000413
08000413
0C000413
0E000413
0F000413
0F800413
0FC00413
0FE00413
0FF00413
00000413
00100413
00200413
00300413
00400413
00500413
00600413
00700413
00800413
00900413
00A00413
00B00413
00C00413
00D00413
00E00413
00F00413
01000413
01100413
01200413
01300413
01400413
01500413
01600413
01700413
01800413
01900413
01A00413
01B00413
01C00413
01D00413
01E00413
01F00413
02000413
02100413
02200413
02300413
02400413
02500413
02600413
02700413
02800413
02900413
02A00413
02B00413
02C00413
02D00413
02E00413
02F00413
03000413